# z: 3 h: 0.358 N: 10000000 
# 1:L 2:con_loop 3:error 4:con_loopAA 5:con_loopAB 6: con_loopAC 
2 0.00155779 4.79284e-05 -0.00158225 3.04121e-05 -5.95254e-06 
3 3.41907e-05 1.13994e-05 -3.65156e-05 -1.46833e-06 3.79317e-06 
4 -1.6829e-06 2.02924e-06 -7.56691e-07 -6.01389e-08 2.49973e-06 
5 6.59513e-07 3.18398e-07 -1.50808e-08 -9.96886e-10 -6.43436e-07 
6 1.13047e-08 4.73827e-08 -2.80629e-10 -6.66811e-11 -1.09574e-08 
7 -7.03443e-09 6.85065e-09 -4.98799e-12 -1.14088e-12 7.04055e-09 
8 1.25141e-09 9.81106e-10 -9.07447e-14 8.84333e-15 -1.25133e-09 
9 8.63911e-11 1.38469e-10 -1.49222e-15 3.42135e-16 -8.639e-11 
