# z: 3 h: 0.358 N: 10000000 
# 1:L 2:con_loop 3:error 4:con_loopAA 5:con_loopAB 6: con_loopAC 
2 0.00146285 4.79171e-05 -0.00157149 3.94227e-05 6.92185e-05 
3 2.7868e-05 1.13458e-05 -3.66199e-05 -7.97081e-07 9.54901e-06 
4 7.06491e-08 2.0159e-06 -7.44474e-07 -9.0043e-08 7.63868e-07 
5 -1.37556e-07 3.1551e-07 -1.43414e-08 -2.13224e-09 1.5403e-07 
6 8.2225e-09 4.68766e-08 -2.56774e-10 -1.53112e-11 -7.95042e-09 
7 -8.99738e-09 6.82289e-09 -5.15651e-12 -1.43035e-12 9.00396e-09 
8 5.92197e-10 9.76361e-10 -9.29053e-14 2.35992e-14 -5.92128e-10 
9 3.11725e-11 1.35771e-10 -1.48821e-15 3.69318e-16 -3.11713e-11 
