# z: 3 h: 0.358 N: 10000000 
# 1:L 2:con_loop 3:error 4:con_loopAA 5:con_loopAB 6: con_loopAC 
2 0.00154615 4.79178e-05 -0.00158385 2.32902e-05 1.44091e-05 
3 3.70832e-05 1.13772e-05 -3.61512e-05 1.29965e-06 -2.23165e-06 
4 1.97397e-06 2.03155e-06 -7.47872e-07 -7.84929e-09 -1.21825e-06 
5 1.54623e-07 3.17798e-07 -1.49397e-08 -3.98852e-09 -1.35695e-07 
6 5.65535e-08 4.75352e-08 -2.85278e-10 2.6512e-11 -5.62947e-08 
7 7.92975e-09 6.87152e-09 -5.0136e-12 6.14106e-14 -7.9248e-09 
8 5.39521e-10 9.82501e-10 -8.85412e-14 -3.7949e-14 -5.39395e-10 
9 -1.85973e-10 1.37715e-10 -1.52536e-15 6.53928e-16 1.85974e-10 
