# z: 3 h: 0.358 N: 10000000 
# 1:L 2:con_loop 3:error 4:con_loopAA 5:con_loopAB 6: con_loopAC 
2 0.0015492 4.79734e-05 -0.00157892 4.50492e-05 -1.53375e-05 
3 2.70129e-05 1.14217e-05 -3.60704e-05 1.11211e-06 7.9454e-06 
4 6.00619e-07 2.02925e-06 -7.45807e-07 -1.55758e-08 1.60764e-07 
5 -3.43513e-07 3.17469e-07 -1.44791e-08 5.8755e-10 3.57404e-07 
6 -3.81848e-08 4.74344e-08 -2.81179e-10 -9.15894e-11 3.85576e-08 
7 -2.32938e-10 6.8937e-09 -4.80438e-12 -1.92502e-12 2.39668e-10 
8 -2.3432e-09 9.7923e-10 -8.69753e-14 -5.55908e-14 2.34334e-09 
9 -2.60609e-10 1.38123e-10 -1.57881e-15 5.23941e-16 2.6061e-10 
