# z: 3 h: 0.358 N: 10000000 
# 1:L 2:con_loop 3:error 4:con_loopAA 5:con_loopAB 6: con_loopAC 
2 0.00147419 4.80694e-05 -0.00158497 2.18359e-05 8.89433e-05 
3 3.44495e-05 1.14367e-05 -3.65325e-05 5.592e-07 1.52379e-06 
4 3.99056e-07 2.03192e-06 -7.6649e-07 -8.60808e-09 3.76042e-07 
5 -8.89247e-08 3.19516e-07 -1.44497e-08 -6.73709e-11 1.03442e-07 
6 -1.54323e-08 4.80032e-08 -2.82788e-10 -1.84899e-11 1.57335e-08 
7 4.27198e-09 6.9327e-09 -5.19515e-12 -1.97185e-12 -4.26481e-09 
8 -2.63769e-11 9.89642e-10 -9.27216e-14 -1.29309e-15 2.64709e-11 
9 1.65024e-11 1.39916e-10 -1.55593e-15 -1.98862e-15 -1.64989e-11 
