# z: 3 h: 0.358 N: 10000000 
# 1:L 2:con_loop 3:error 4:con_loopAA 5:con_loopAB 6: con_loopAC 
2 0.00150148 4.78753e-05 -0.00157325 5.60971e-05 1.56714e-05 
3 3.3612e-05 1.13479e-05 -3.55708e-05 1.06342e-06 8.9537e-07 
4 2.81649e-06 2.01272e-06 -7.30722e-07 -1.21098e-07 -1.96467e-06 
5 3.72091e-07 3.15659e-07 -1.36793e-08 -1.31219e-09 -3.57099e-07 
6 -1.01976e-08 4.68944e-08 -2.76796e-10 1.30095e-11 1.04614e-08 
7 8.49701e-09 6.80168e-09 -4.80664e-12 -1.19317e-13 -8.49208e-09 
8 4.08665e-10 9.70235e-10 -9.21554e-14 -2.18166e-14 -4.08551e-10 
9 -3.10669e-10 1.36709e-10 -1.47502e-15 -1.70002e-16 3.1067e-10 
