# z: 3 h: 0.358 N: 10000000 
# 1:L 2:con_loop 3:error 4:con_loopAA 5:con_loopAB 6: con_loopAC 
2 0.00154285 4.80836e-05 -0.00158886 3.64735e-05 9.54598e-06 
3 3.47442e-05 1.1418e-05 -3.646e-05 -1.27278e-06 2.98856e-06 
4 -3.88254e-07 2.0335e-06 -7.75533e-07 -2.30943e-08 1.18688e-06 
5 4.18121e-07 3.19974e-07 -1.49531e-08 -2.24824e-10 -4.02943e-07 
6 -6.64852e-08 4.74895e-08 -2.78903e-10 -4.79019e-11 6.6812e-08 
7 7.46027e-09 6.93641e-09 -5.19193e-12 -5.60136e-13 -7.45452e-09 
8 6.89203e-10 9.95823e-10 -9.12791e-14 -2.04958e-14 -6.89091e-10 
9 1.53019e-10 1.39789e-10 -1.619e-15 2.90302e-16 -1.53018e-10 
