# z: 3 h: 0.358 N: 10000000 
# 1:L 2:con_loop 3:error 4:con_loopAA 5:con_loopAB 6: con_loopAC 
2 0.00151869 4.78096e-05 -0.00155999 2.21255e-05 1.91752e-05 
3 1.63951e-05 1.13128e-05 -3.54279e-05 -7.21941e-07 1.97547e-05 
4 3.22584e-06 2.00662e-06 -7.33048e-07 -1.44068e-08 -2.47839e-06 
5 3.88902e-07 3.12988e-07 -1.40718e-08 -2.75346e-09 -3.72077e-07 
6 -6.31738e-09 4.67341e-08 -2.60926e-10 -3.38813e-11 6.61219e-09 
7 5.31686e-09 6.71966e-09 -4.91351e-12 -1.39689e-12 -5.31055e-09 
8 9.51786e-10 9.65489e-10 -8.24452e-14 -2.51655e-14 -9.51679e-10 
9 -1.56858e-10 1.35792e-10 -1.53489e-15 2.83917e-16 1.56859e-10 
