# z: 3 h: 0.358 N: 10000000 
# 1:L 2:con_loop 3:error 4:con_loopAA 5:con_loopAB 6: con_loopAC 
2 0.00162557 4.79436e-05 -0.00158601 8.31156e-06 -4.787e-05 
3 3.00941e-05 1.13697e-05 -3.61937e-05 3.44879e-07 5.75466e-06 
4 4.15843e-06 2.03061e-06 -7.3565e-07 -3.11098e-08 -3.39167e-06 
5 -2.05736e-07 3.17362e-07 -1.39844e-08 -2.32112e-09 2.22041e-07 
6 -2.69273e-09 4.70683e-08 -2.86806e-10 -7.88457e-11 3.05838e-09 
7 1.91559e-09 6.82093e-09 -4.83311e-12 -1.5477e-12 -1.90921e-09 
8 9.67004e-10 9.85366e-10 -8.5199e-14 2.1463e-16 -9.66919e-10 
9 -8.58151e-11 1.38121e-10 -1.56438e-15 5.37827e-16 8.58161e-11 
