# z: 3 h: 0.358 N: 10000000 
# 1:L 2:con_loop 3:error 4:con_loopAA 5:con_loopAB 6: con_loopAC 
2 0.00148915 4.78443e-05 -0.00156307 4.76739e-05 2.62421e-05 
3 3.35194e-05 1.13614e-05 -3.69044e-05 -1.6726e-06 5.05763e-06 
4 3.13717e-06 2.01563e-06 -7.41704e-07 5.98265e-10 -2.39606e-06 
5 2.81083e-07 3.14296e-07 -1.43014e-08 5.26149e-10 -2.67308e-07 
6 3.5279e-08 4.68598e-08 -2.7105e-10 -3.21865e-11 -3.49758e-08 
7 -1.18043e-09 6.78171e-09 -4.93596e-12 5.92891e-13 1.18477e-09 
8 1.19285e-09 9.68352e-10 -8.34175e-14 -6.40646e-14 -1.19271e-09 
9 1.37548e-10 1.3652e-10 -1.5166e-15 1.17635e-15 -1.37548e-10 
