# z: 3 h: 0.358 N: 10000000 
# 1:L 2:con_loop 3:error 4:con_loopAA 5:con_loopAB 6: con_loopAC 
2 0.00150698 4.79418e-05 -0.00157209 3.10103e-05 3.40996e-05 
3 2.29034e-05 1.13818e-05 -3.6547e-05 -1.80957e-07 1.38246e-05 
4 3.59029e-07 2.01992e-06 -7.53345e-07 -3.46896e-08 4.29006e-07 
5 1.38239e-07 3.16911e-07 -1.43918e-08 5.24174e-10 -1.24371e-07 
6 1.00987e-08 4.71246e-08 -2.65392e-10 -1.9407e-11 -9.81393e-09 
7 7.09115e-09 6.87082e-09 -4.9801e-12 -7.7274e-13 -7.08539e-09 
8 -4.05311e-11 9.76041e-10 -8.42661e-14 -3.67526e-14 4.06521e-11 
9 9.69641e-11 1.37874e-10 -1.57294e-15 -1.04309e-15 -9.69615e-11 
