# z: 3 h: 0.358 N: 10000000 
# 1:L 2:con_loop 3:error 4:con_loopAA 5:con_loopAB 6: con_loopAC 
2 0.00143454 4.78489e-05 -0.00153473 4.19484e-05 5.8238e-05 
3 4.17491e-05 1.13543e-05 -3.62988e-05 -7.77361e-07 -4.67289e-06 
4 -1.61323e-06 2.02073e-06 -7.40414e-07 -2.33464e-08 2.37699e-06 
5 -2.4885e-07 3.15829e-07 -1.4413e-08 2.19114e-11 2.63241e-07 
6 -5.49094e-08 4.6946e-08 -2.74454e-10 -7.60916e-11 5.52599e-08 
7 -4.10923e-09 6.82845e-09 -4.78312e-12 -5.97884e-13 4.11461e-09 
8 6.21666e-10 9.73266e-10 -9.20509e-14 -7.67608e-14 -6.21497e-10 
9 2.22794e-11 1.36434e-10 -1.64656e-15 -5.38557e-16 -2.22772e-11 
