# z: 3 h: 0.358 N: 10000000 
# 1:L 2:con_loop 3:error 4:con_loopAA 5:con_loopAB 6: con_loopAC 
2 0.00145652 4.7878e-05 -0.00157985 4.70345e-05 7.62887e-05 
3 3.33096e-05 1.1348e-05 -3.59621e-05 8.04487e-08 2.57206e-06 
4 5.30486e-08 2.02121e-06 -7.37964e-07 -5.34903e-08 7.38405e-07 
5 -3.65725e-09 3.15315e-07 -1.35119e-08 3.05028e-10 1.68641e-08 
6 -6.5989e-08 4.68756e-08 -2.77145e-10 -3.94932e-11 6.63057e-08 
7 3.98275e-09 6.77701e-09 -4.69234e-12 6.99586e-14 -3.97813e-09 
8 -9.50306e-10 9.67267e-10 -8.53993e-14 -1.91582e-14 9.50411e-10 
9 -2.7634e-10 1.37611e-10 -1.45381e-15 6.99989e-16 2.76341e-10 
