# z: 3 h: 0.358 N: 10000000 
# 1:L 2:con_loop 3:error 4:con_loopAA 5:con_loopAB 6: con_loopAC 
2 0.00149118 4.78505e-05 -0.00159102 3.55269e-05 6.43062e-05 
3 2.96363e-05 1.13356e-05 -3.56556e-05 5.0779e-07 5.51151e-06 
4 3.35289e-07 2.01796e-06 -7.42364e-07 -8.64038e-08 4.93479e-07 
5 4.17706e-07 3.16393e-07 -1.4152e-08 -2.0364e-09 -4.01518e-07 
6 -2.53094e-09 4.69936e-08 -2.80489e-10 2.95054e-11 2.78192e-09 
7 -8.70106e-09 6.81074e-09 -4.74918e-12 -1.32632e-13 8.70594e-09 
8 8.97351e-10 9.78255e-10 -8.4371e-14 -3.16872e-15 -8.97264e-10 
9 -1.50055e-10 1.37218e-10 -1.56484e-15 -1.52051e-15 1.50058e-10 
