# z: 3 h: 0.358 N: 10000000 
# 1:L 2:con_loop 3:error 4:con_loopAA 5:con_loopAB 6: con_loopAC 
2 0.00156386 4.77817e-05 -0.0015719 3.52247e-06 4.51809e-06 
3 3.03132e-05 1.13109e-05 -3.51581e-05 7.44893e-07 4.09999e-06 
4 -2.92812e-07 2.0074e-06 -7.28776e-07 -3.89931e-08 1.06058e-06 
5 2.50332e-07 3.11729e-07 -1.45671e-08 1.41235e-09 -2.37178e-07 
6 4.71375e-08 4.64894e-08 -2.68091e-10 3.93524e-11 -4.69088e-08 
7 1.10919e-08 6.76603e-09 -4.96706e-12 -4.12919e-13 -1.10866e-08 
8 1.02964e-09 9.60278e-10 -8.69252e-14 5.83211e-14 -1.02961e-09 
9 -2.12156e-11 1.35053e-10 -1.49517e-15 -1.41176e-15 2.12185e-11 
