# z: 3 h: 0.358 N: 10000000 
# 1:L 2:con_loop 3:error 4:con_loopAA 5:con_loopAB 6: con_loopAC 
2 0.00159695 4.79464e-05 -0.00159467 1.76649e-05 -1.99481e-05 
3 2.69817e-05 1.13876e-05 -3.67289e-05 -4.41592e-07 1.01888e-05 
4 2.39359e-06 2.03319e-06 -7.45716e-07 -5.94486e-08 -1.58842e-06 
5 -2.98684e-07 3.19869e-07 -1.50602e-08 2.73615e-10 3.1347e-07 
6 5.94136e-09 4.75256e-08 -2.681e-10 -9.14054e-11 -5.58185e-09 
7 1.57388e-08 6.90137e-09 -5.00848e-12 3.24041e-13 -1.57341e-08 
8 3.80766e-10 9.83766e-10 -9.14898e-14 -6.51477e-14 -3.80609e-10 
9 -3.33386e-10 1.39644e-10 -1.5913e-15 -1.11263e-16 3.33388e-10 
