# z: 3 h: 0.358 N: 10000000 
# 1:L 2:con_loop 3:error 4:con_loopAA 5:con_loopAB 6: con_loopAC 
2 0.00154704 4.79365e-05 -0.00157784 6.54682e-05 -3.46659e-05 
3 4.13984e-05 1.13811e-05 -3.60511e-05 -4.40972e-07 -4.90637e-06 
4 2.08248e-06 2.03448e-06 -7.3997e-07 -9.78117e-09 -1.33273e-06 
5 7.15924e-10 3.17639e-07 -1.47101e-08 5.55448e-10 1.34388e-08 
6 5.71925e-09 4.71981e-08 -2.7781e-10 9.13079e-11 -5.53275e-09 
7 4.3324e-09 6.90893e-09 -5.00313e-12 -2.38089e-12 -4.32501e-09 
8 -2.12438e-09 9.89705e-10 -8.78348e-14 -5.82124e-15 2.12447e-09 
9 1.34788e-12 1.38689e-10 -1.51029e-15 7.64515e-16 -1.34713e-12 
