# z: 3 h: 0.358 N: 10000000 
# 1:L 2:con_loop 3:error 4:con_loopAA 5:con_loopAB 6: con_loopAC 
2 0.00150324 4.78849e-05 -0.0015942 5.63468e-06 8.53234e-05 
3 3.07975e-05 1.13817e-05 -3.50479e-05 -1.55132e-06 5.80168e-06 
4 4.49059e-06 2.0291e-06 -7.35789e-07 4.63504e-08 -3.80115e-06 
5 6.9459e-07 3.1728e-07 -1.45053e-08 1.45179e-09 -6.81537e-07 
6 7.18871e-08 4.71617e-08 -2.6097e-10 5.77597e-11 -7.16839e-08 
7 7.649e-09 6.85261e-09 -5.13408e-12 -1.62536e-12 -7.64224e-09 
8 3.14442e-11 9.77325e-10 -8.38167e-14 -2.57084e-14 -3.13347e-11 
9 6.8479e-11 1.38753e-10 -1.49886e-15 -3.24285e-16 -6.84772e-11 
