# z: 3 h: 0.358 N: 10000000 
# 1:L 2:con_loop 3:error 4:con_loopAA 5:con_loopAB 6: con_loopAC 
2 0.00160157 4.78875e-05 -0.00155835 1.35042e-05 -5.67246e-05 
3 2.52844e-05 1.13207e-05 -3.50123e-05 1.06285e-06 8.66503e-06 
4 1.74947e-06 2.01384e-06 -7.4239e-07 3.71811e-08 -1.04427e-06 
5 -3.87872e-08 3.14057e-07 -1.43396e-08 6.1744e-10 5.25094e-08 
6 7.81326e-09 4.67985e-08 -2.64046e-10 -6.30513e-11 -7.48616e-09 
7 -7.80096e-09 6.76421e-09 -4.94769e-12 -3.89291e-13 7.8063e-09 
8 -1.02757e-09 9.68303e-10 -8.93868e-14 -6.50102e-15 1.02766e-09 
9 5.18289e-11 1.36095e-10 -1.52077e-15 -8.10917e-16 -5.18265e-11 
