# z: 3 h: 0.358 N: 10000000 
# 1:L 2:con_loop 3:error 4:con_loopAA 5:con_loopAB 6: con_loopAC 
2 0.00158327 4.80823e-05 -0.00157893 2.92044e-05 -3.35449e-05 
3 3.96909e-05 1.1412e-05 -3.65603e-05 -1.24919e-06 -1.88147e-06 
4 -3.86107e-07 2.03245e-06 -7.42399e-07 1.46319e-08 1.11387e-06 
5 -2.11531e-07 3.17489e-07 -1.4793e-08 -3.15909e-09 2.29483e-07 
6 -3.87109e-08 4.72981e-08 -2.68104e-10 -1.19736e-10 3.90987e-08 
7 -6.38356e-09 6.90256e-09 -5.08888e-12 2.42992e-13 6.38841e-09 
8 1.0938e-09 9.82834e-10 -8.72073e-14 1.94349e-14 -1.09373e-09 
9 -1.17851e-10 1.37199e-10 -1.55653e-15 -2.8104e-16 1.17853e-10 
