# z: 3 h: 0.358 N: 10000000 
# 1:L 2:con_loop 3:error 4:con_loopAA 5:con_loopAB 6: con_loopAC 
2 0.00145121 4.79245e-05 -0.00157587 4.72807e-05 7.73795e-05 
3 4.06501e-05 1.13829e-05 -3.59495e-05 1.14244e-06 -5.84303e-06 
4 -1.51865e-06 2.0208e-06 -7.53098e-07 -8.26423e-08 2.35439e-06 
5 2.99129e-07 3.1662e-07 -1.41855e-08 -1.02471e-09 -2.83919e-07 
6 -2.34955e-08 4.67994e-08 -2.64974e-10 -3.84697e-11 2.3799e-08 
7 7.53082e-09 6.78289e-09 -4.92675e-12 -1.92301e-12 -7.52398e-09 
8 -8.60069e-10 9.75805e-10 -9.25888e-14 -7.4114e-15 8.60169e-10 
9 7.44133e-11 1.37254e-10 -1.53803e-15 -4.85986e-17 -7.44117e-11 
