# z: 3 h: 0.358 N: 10000000 
# 1:L 2:con_loop 3:error 4:con_loopAA 5:con_loopAB 6: con_loopAC 
2 0.00147343 4.79138e-05 -0.00156948 1.75454e-05 7.85037e-05 
3 2.89092e-05 1.13534e-05 -3.53587e-05 -2.88055e-07 6.73757e-06 
4 1.51578e-08 2.01782e-06 -7.42897e-07 5.64689e-08 6.7127e-07 
5 1.07724e-07 3.14369e-07 -1.45428e-08 7.99818e-10 -9.3981e-08 
6 8.98139e-08 4.6885e-08 -2.78132e-10 -3.07119e-11 -8.95051e-08 
7 -6.9105e-09 6.77621e-09 -4.8587e-12 -2.97481e-13 6.91566e-09 
8 2.5848e-10 9.64823e-10 -8.5715e-14 -3.32871e-14 -2.58361e-10 
9 1.7185e-10 1.36805e-10 -1.57453e-15 -1.65584e-15 -1.71847e-10 
