# z: 3 h: 0.358 N: 10000000 
# 1:L 2:con_loop 3:error 4:con_loopAA 5:con_loopAB 6: con_loopAC 
2 0.00154603 4.79034e-05 -0.00158606 2.18312e-05 1.82022e-05 
3 4.68188e-05 1.13703e-05 -3.65836e-05 7.11351e-07 -1.09466e-05 
4 -1.74507e-06 2.01606e-06 -7.51451e-07 -2.06208e-08 2.51714e-06 
5 6.59177e-08 3.1552e-07 -1.44017e-08 3.5753e-09 -5.50912e-08 
6 -1.39827e-08 4.7181e-08 -2.76191e-10 1.61279e-11 1.42427e-08 
7 -7.30984e-09 6.81691e-09 -5.05195e-12 1.75794e-12 7.31313e-09 
8 -6.95658e-11 9.72234e-10 -8.57628e-14 -6.11456e-14 6.97127e-11 
9 9.59458e-11 1.35926e-10 -1.56121e-15 1.04608e-15 -9.59453e-11 
