# z: 3 h: 0.358 N: 10000000 
# 1:L 2:con_loop 3:error 4:con_loopAA 5:con_loopAB 6: con_loopAC 
2 0.00150875 4.79439e-05 -0.00157252 1.91936e-05 4.45764e-05 
3 4.10947e-05 1.13725e-05 -3.62838e-05 1.22496e-06 -6.03585e-06 
4 6.60894e-08 2.01652e-06 -7.48121e-07 -7.47603e-09 6.89508e-07 
5 -2.11029e-07 3.15132e-07 -1.43243e-08 -1.93416e-09 2.27288e-07 
6 -3.26016e-09 4.70264e-08 -2.59701e-10 -1.01377e-10 3.62124e-09 
7 7.00083e-09 6.81216e-09 -5.11428e-12 -4.05028e-13 -6.99531e-09 
8 1.27965e-09 9.75697e-10 -9.09883e-14 -4.72649e-14 -1.27951e-09 
9 -1.31662e-10 1.37753e-10 -1.54125e-15 -1.00745e-15 1.31665e-10 
