# z: 3 h: 0.358 N: 10000000 
# 1:L 2:con_loop 3:error 4:con_loopAA 5:con_loopAB 6: con_loopAC 
2 0.00150309 4.79422e-05 -0.00158313 5.06641e-05 2.93694e-05 
3 2.18069e-05 1.13609e-05 -3.68969e-05 -1.50403e-06 1.65941e-05 
4 -1.25869e-06 2.02551e-06 -7.56076e-07 -8.07958e-08 2.09556e-06 
5 2.64677e-07 3.15709e-07 -1.45284e-08 -2.52169e-09 -2.47627e-07 
6 4.01904e-09 4.70941e-08 -2.73408e-10 4.90877e-11 -3.79472e-09 
7 -1.26131e-10 6.81627e-09 -4.91839e-12 -2.81587e-12 1.33865e-10 
8 6.09766e-10 9.76389e-10 -8.83048e-14 -1.52856e-17 -6.09678e-10 
9 2.30714e-10 1.38445e-10 -1.49551e-15 -6.64159e-16 -2.30712e-10 
