# z: 3 h: 0.358 N: 10000000 
# 1:L 2:con_loop 3:error 4:con_loopAA 5:con_loopAB 6: con_loopAC 
2 0.00155655 4.79615e-05 -0.00156458 1.41359e-05 -6.11466e-06 
3 2.64752e-05 1.13731e-05 -3.67103e-05 -2.59574e-08 1.02611e-05 
4 -2.3554e-06 2.02247e-06 -7.50003e-07 -8.50948e-08 3.1905e-06 
5 1.05989e-07 3.16262e-07 -1.45941e-08 1.33917e-09 -9.27343e-08 
6 -6.84214e-09 4.73127e-08 -2.65619e-10 -2.06981e-11 7.12846e-09 
7 -7.12414e-09 6.88021e-09 -4.84662e-12 -7.40078e-13 7.12973e-09 
8 1.93458e-09 9.7993e-10 -9.10913e-14 -2.22156e-14 -1.93447e-09 
9 -2.29487e-10 1.38687e-10 -1.53028e-15 -5.82182e-16 2.29489e-10 
