# z: 3 h: 0.358 N: 10000000 
# 1:L 2:con_loop 3:error 4:con_loopAA 5:con_loopAB 6: con_loopAC 
2 0.00145398 4.78761e-05 -0.0015639 5.86781e-05 5.12434e-05 
3 4.70163e-05 1.13776e-05 -3.60007e-05 -4.31079e-07 -1.05845e-05 
4 -1.1261e-06 2.01288e-06 -7.33312e-07 -5.657e-08 1.91598e-06 
5 -5.58796e-07 3.15666e-07 -1.42255e-08 -1.30226e-10 5.73152e-07 
6 -5.61522e-08 4.71644e-08 -2.72234e-10 -6.22177e-11 5.64866e-08 
7 -6.99238e-10 6.80516e-09 -5.00247e-12 1.95081e-13 7.04045e-10 
8 -3.45629e-10 9.64503e-10 -8.90171e-14 1.24659e-14 3.45706e-10 
9 -1.72064e-10 1.35934e-10 -1.60226e-15 3.30613e-16 1.72066e-10 
