# z: 3 h: 0.358 N: 10000000 
# 1:L 2:con_loop 3:error 4:con_loopAA 5:con_loopAB 6: con_loopAC 
2 0.00146808 4.78384e-05 -0.00155604 1.67597e-05 7.12033e-05 
3 3.80355e-05 1.13397e-05 -3.50476e-05 -1.85887e-06 -1.12902e-06 
4 1.20568e-06 2.02219e-06 -7.13595e-07 -6.58096e-08 -4.26277e-07 
5 5.11351e-07 3.1487e-07 -1.4804e-08 -1.74815e-09 -4.94798e-07 
6 1.02619e-08 4.67837e-08 -2.82275e-10 9.47983e-11 -1.00745e-08 
7 -8.25238e-09 6.78444e-09 -4.88812e-12 -6.02802e-13 8.25788e-09 
8 3.41226e-10 9.74274e-10 -8.67823e-14 3.18067e-14 -3.41171e-10 
9 1.70677e-10 1.37419e-10 -1.46243e-15 1.37261e-15 -1.70677e-10 
