# z: 3 h: 0.358 N: 10000000 
# 1:L 2:con_loop 3:error 4:con_loopAA 5:con_loopAB 6: con_loopAC 
2 0.00159406 4.80517e-05 -0.00158149 3.2844e-05 -4.54077e-05 
3 2.7017e-05 1.13972e-05 -3.66926e-05 1.25582e-06 8.41977e-06 
4 -1.15861e-06 2.04379e-06 -7.47714e-07 2.40615e-08 1.88226e-06 
5 -6.81433e-09 3.17409e-07 -1.51772e-08 -2.04849e-09 2.404e-08 
6 6.57399e-09 4.72961e-08 -2.75323e-10 6.29947e-11 -6.36166e-09 
7 -4.93436e-09 6.95594e-09 -5.12053e-12 -8.05236e-13 4.94029e-09 
8 -8.25596e-10 9.96223e-10 -9.52465e-14 -8.96039e-15 8.257e-10 
9 1.8914e-10 1.41045e-10 -1.63545e-15 -6.60342e-16 -1.89138e-10 
