# z: 3 h: 0.358 N: 10000000 
# 1:L 2:con_loop 3:error 4:con_loopAA 5:con_loopAB 6: con_loopAC 
2 0.00146194 4.78462e-05 -0.00157533 4.33016e-05 7.00892e-05 
3 2.6301e-05 1.13642e-05 -3.5892e-05 4.20674e-07 9.17039e-06 
4 -1.05911e-08 2.0149e-06 -7.12839e-07 6.16391e-09 7.17266e-07 
5 4.13122e-07 3.14848e-07 -1.40749e-08 1.10116e-09 -4.00148e-07 
6 3.11855e-08 4.65707e-08 -2.61699e-10 -1.49663e-11 -3.09088e-08 
7 -1.07352e-08 6.75898e-09 -4.6945e-12 -1.14953e-12 1.07411e-08 
8 -1.4983e-09 9.67143e-10 -8.38958e-14 4.42476e-15 1.49837e-09 
9 -6.62372e-11 1.34956e-10 -1.5159e-15 -2.21044e-17 6.62388e-11 
