# z: 3 h: 0.358 N: 10000000 
# 1:L 2:con_loop 3:error 4:con_loopAA 5:con_loopAB 6: con_loopAC 
2 0.00153033 4.78945e-05 -0.00157297 2.6738e-05 1.59072e-05 
3 2.50411e-05 1.14072e-05 -3.68497e-05 -6.66995e-07 1.24756e-05 
4 -2.2205e-06 2.0249e-06 -7.55343e-07 -1.58096e-08 2.99165e-06 
5 -1.16771e-07 3.15534e-07 -1.50051e-08 -5.61001e-10 1.32337e-07 
6 5.06074e-08 4.73054e-08 -2.86505e-10 -5.77833e-11 -5.02631e-08 
7 -5.83237e-09 6.8545e-09 -5.04369e-12 -4.40982e-13 5.83785e-09 
8 6.62263e-10 9.79896e-10 -8.81526e-14 6.43112e-14 -6.62239e-10 
9 -7.94093e-11 1.37868e-10 -1.59412e-15 -7.73684e-16 7.94117e-11 
