# z: 3 h: 0.358 N: 10000000 
# 1:L 2:con_loop 3:error 4:con_loopAA 5:con_loopAB 6: con_loopAC 
2 0.00154911 4.78615e-05 -0.00157011 2.60171e-05 -5.02136e-06 
3 3.7275e-05 1.1382e-05 -3.54205e-05 5.58434e-07 -2.41292e-06 
4 2.73364e-06 2.01343e-06 -7.41963e-07 -1.15265e-08 -1.98015e-06 
5 -1.06768e-07 3.16891e-07 -1.48913e-08 5.00306e-10 1.21159e-07 
6 -3.2109e-08 4.68575e-08 -2.81012e-10 -2.69958e-11 3.2417e-08 
7 -7.26684e-09 6.78634e-09 -4.85233e-12 -3.05175e-13 7.272e-09 
8 -8.69293e-10 9.72871e-10 -8.92248e-14 8.58472e-15 8.69374e-10 
9 1.38131e-10 1.36439e-10 -1.55869e-15 -1.08132e-15 -1.38128e-10 
