# z: 3 h: 0.358 N: 10000000 
# 1:L 2:con_loop 3:error 4:con_loopAA 5:con_loopAB 6: con_loopAC 
2 0.00148694 4.79571e-05 -0.0015925 5.5618e-05 4.99381e-05 
3 2.76874e-05 1.14221e-05 -3.67251e-05 9.94109e-07 8.04355e-06 
4 4.63389e-07 2.02646e-06 -7.41382e-07 -7.01061e-09 2.85004e-07 
5 -2.02957e-07 3.17681e-07 -1.46587e-08 -1.00022e-09 2.18616e-07 
6 -1.72782e-08 4.72733e-08 -2.61595e-10 -1.17177e-11 1.75515e-08 
7 -2.86499e-09 6.85656e-09 -5.10924e-12 6.84593e-13 2.86941e-09 
8 1.66763e-10 9.78066e-10 -8.83458e-14 3.1269e-15 -1.66678e-10 
9 7.77563e-11 1.39859e-10 -1.55548e-15 -1.00019e-15 -7.77538e-11 
