# z: 3 h: 0.358 N: 10000000 
# 1:L 2:con_loop 3:error 4:con_loopAA 5:con_loopAB 6: con_loopAC 
2 0.00149252 4.78537e-05 -0.0015689 3.56333e-05 4.07491e-05 
3 2.74351e-05 1.13699e-05 -3.52221e-05 -1.4549e-06 9.24185e-06 
4 4.97955e-07 2.02573e-06 -7.35292e-07 -3.19168e-08 2.69254e-07 
5 -4.33098e-07 3.159e-07 -1.39007e-08 8.76956e-10 4.46122e-07 
6 3.79016e-08 4.68799e-08 -2.83728e-10 7.99357e-11 -3.76978e-08 
7 2.22228e-10 6.81745e-09 -4.8525e-12 7.14228e-13 -2.1809e-10 
8 1.04395e-09 9.7651e-10 -9.16091e-14 8.23778e-15 -1.04387e-09 
9 -9.71671e-11 1.36976e-10 -1.55172e-15 -7.93323e-16 9.71695e-11 
