# z: 3 h: 0.358 N: 10000000 
# 1:L 2:con_loop 3:error 4:con_loopAA 5:con_loopAB 6: con_loopAC 
2 0.00148254 4.7863e-05 -0.00157891 2.15175e-05 7.48507e-05 
3 4.29595e-05 1.13456e-05 -3.59013e-05 -2.18323e-08 -7.03637e-06 
4 9.01234e-07 2.02235e-06 -7.35812e-07 3.15559e-08 -1.96978e-07 
5 -1.96349e-07 3.16153e-07 -1.40433e-08 -9.32821e-10 2.11325e-07 
6 3.18909e-08 4.68682e-08 -2.63583e-10 2.39382e-11 -3.16513e-08 
7 -6.75264e-09 6.81795e-09 -4.86202e-12 1.10954e-13 6.75739e-09 
8 -2.13725e-10 9.74569e-10 -8.23635e-14 -8.57758e-15 2.13815e-10 
9 2.31496e-10 1.35791e-10 -1.63388e-15 -3.9333e-16 -2.31494e-10 
