# z: 3 h: 0.358 N: 10000000 
# 1:L 2:con_loop 3:error 4:con_loopAA 5:con_loopAB 6: con_loopAC 
2 0.0014391 4.78839e-05 -0.0015526 3.92893e-05 7.42145e-05 
3 3.41241e-05 1.13308e-05 -3.5942e-05 -2.13468e-06 3.95259e-06 
4 -5.45346e-07 2.01506e-06 -7.31615e-07 3.90047e-08 1.23796e-06 
5 -2.08656e-07 3.15193e-07 -1.43723e-08 6.07659e-10 2.22421e-07 
6 -3.45776e-08 4.66754e-08 -2.66541e-10 2.56958e-11 3.48184e-08 
7 5.86013e-09 6.74961e-09 -4.83978e-12 6.41302e-13 -5.85594e-09 
8 2.64346e-10 9.74746e-10 -9.03655e-14 -3.47538e-15 -2.64252e-10 
9 -1.37333e-10 1.36516e-10 -1.50153e-15 -5.02639e-16 1.37335e-10 
