# z: 3 h: 0.358 N: 10000000 
# 1:L 2:con_loop 3:error 4:con_loopAA 5:con_loopAB 6: con_loopAC 
2 0.00156403 4.80114e-05 -0.00159618 -4.23421e-06 3.63842e-05 
3 1.98962e-05 1.14217e-05 -3.74672e-05 1.95295e-07 1.73756e-05 
4 3.94255e-06 2.03396e-06 -7.73063e-07 -5.51683e-08 -3.11432e-06 
5 -7.50121e-08 3.18324e-07 -1.50249e-08 2.44646e-09 8.75905e-08 
6 -6.39815e-08 4.79149e-08 -2.80255e-10 -1.36182e-11 6.42754e-08 
7 -1.32607e-09 6.91491e-09 -5.1734e-12 -2.60111e-12 1.33385e-09 
8 -4.97943e-10 9.92584e-10 -9.01625e-14 -2.30423e-14 4.98056e-10 
9 2.2744e-11 1.39583e-10 -1.62577e-15 9.34071e-16 -2.27433e-11 
