# z: 3 h: 0.358 N: 10000000 
# 1:L 2:con_loop 3:error 4:con_loopAA 5:con_loopAB 6: con_loopAC 
2 0.00147758 4.79701e-05 -0.00156773 4.03247e-05 4.98229e-05 
3 2.59582e-05 1.13949e-05 -3.60286e-05 1.1986e-06 8.87174e-06 
4 1.02017e-06 2.03721e-06 -7.52081e-07 -4.72183e-08 -2.20875e-07 
5 -1.93213e-07 3.1797e-07 -1.47944e-08 6.06325e-10 2.07401e-07 
6 -1.14539e-08 4.70369e-08 -2.693e-10 4.57596e-11 1.16775e-08 
7 -1.0791e-09 6.87126e-09 -5.12852e-12 -1.47751e-12 1.08571e-09 
8 -2.17094e-10 9.73966e-10 -9.02782e-14 -3.52128e-15 2.17188e-10 
9 3.83146e-11 1.38123e-10 -1.61712e-15 -3.24251e-16 -3.83127e-11 
