# z: 3 h: 0.358 N: 10000000 
# 1:L 2:con_loop 3:error 4:con_loopAA 5:con_loopAB 6: con_loopAC 
2 0.00159324 4.79284e-05 -0.00158147 -1.93977e-07 -1.15797e-05 
3 2.49802e-05 1.13761e-05 -3.61395e-05 4.42493e-08 1.11151e-05 
4 -1.9196e-06 2.02046e-06 -7.37703e-07 -2.87437e-09 2.66017e-06 
5 -2.79065e-07 3.16829e-07 -1.42917e-08 -2.72092e-09 2.96078e-07 
6 -3.7521e-09 4.73073e-08 -2.67671e-10 2.96866e-11 3.99008e-09 
7 5.80674e-10 6.84925e-09 -5.08681e-12 -5.82562e-13 -5.75005e-10 
8 -5.10477e-10 9.76088e-10 -8.38546e-14 -7.43687e-14 5.10635e-10 
9 2.92021e-11 1.37423e-10 -1.55972e-15 -4.19575e-16 -2.92001e-11 
