# z: 3 h: 0.358 N: 10000000 
# 1:L 2:con_loop 3:error 4:con_loopAA 5:con_loopAB 6: con_loopAC 
2 0.00158515 4.79926e-05 -0.00158982 2.01455e-05 -1.54737e-05 
3 4.40501e-05 1.13983e-05 -3.59812e-05 1.07451e-06 -9.14343e-06 
4 -4.16737e-06 2.0276e-06 -7.42217e-07 1.35473e-08 4.89604e-06 
5 -2.52638e-07 3.17624e-07 -1.44894e-08 -1.22186e-09 2.6835e-07 
6 5.21915e-08 4.7425e-08 -2.70793e-10 9.72759e-12 -5.19305e-08 
7 -1.05678e-09 6.92248e-09 -4.86763e-12 1.3116e-13 1.06151e-09 
8 7.64785e-10 9.86708e-10 -9.80491e-14 -3.22715e-15 -7.64683e-10 
9 -2.32537e-11 1.39201e-10 -1.62045e-15 -4.22672e-16 2.32557e-11 
