# z: 3 h: 0.358 N: 10000000 
# 1:L 2:con_loop 3:error 4:con_loopAA 5:con_loopAB 6: con_loopAC 
2 0.00155878 4.78486e-05 -0.0015859 3.44957e-05 -7.36833e-06 
3 2.50166e-05 1.13395e-05 -3.59272e-05 -1.01429e-06 1.19248e-05 
4 4.95102e-07 2.02185e-06 -7.5145e-07 8.32247e-09 2.48026e-07 
5 1.43116e-07 3.16877e-07 -1.40233e-08 8.03109e-10 -1.29896e-07 
6 -9.23782e-08 4.69254e-08 -2.65187e-10 -5.07371e-11 9.26942e-08 
7 -3.68472e-09 6.84037e-09 -5.15717e-12 -1.80811e-12 3.69168e-09 
8 -3.7946e-10 9.68002e-10 -8.63498e-14 5.45562e-14 3.79492e-10 
9 4.1275e-11 1.36137e-10 -1.51174e-15 -3.50729e-16 -4.12731e-11 
