# z: 3 h: 0.358 N: 10000000 
# 1:L 2:con_loop 3:error 4:con_loopAA 5:con_loopAB 6: con_loopAC 
2 0.0170662 0.000126419 -0.0177767 0.000606903 0.000103619 
3 0.00152249 4.7417e-05 -0.00159535 6.19942e-05 1.08565e-05 
4 0.000117125 1.90198e-05 -0.000130566 1.67844e-06 1.17625e-05 
5 1.36022e-05 6.59394e-06 -1.02488e-05 4.648e-07 -3.81821e-06 
6 1.13905e-06 2.05398e-06 -7.56839e-07 3.12728e-08 -4.13483e-07 
7 -3.92633e-07 6.10602e-07 -5.52666e-08 1.37395e-09 4.46526e-07 
8 -5.1029e-08 1.7486e-07 -3.9564e-09 -8.70177e-10 5.58556e-08 
9 4.61102e-08 4.89615e-08 -2.93968e-10 -1.40822e-11 -4.58022e-08 
