# z: 3 h: 0.358 N: 10000000 
# 1:L 2:con_loop 3:error 4:con_loopAA 5:con_loopAB 6: con_loopAC 
2 0.0170601 0.000126487 -0.0177844 0.000687059 3.72163e-05 
3 0.00158251 4.74529e-05 -0.00162139 3.41868e-05 4.68646e-06 
4 0.000113339 1.90479e-05 -0.000132112 3.689e-06 1.50837e-05 
5 6.21393e-06 6.608e-06 -1.0138e-05 2.68133e-08 3.89724e-06 
6 2.57303e-06 2.06165e-06 -7.65706e-07 -1.23817e-07 -1.68351e-06 
7 1.19074e-07 6.10342e-07 -5.48454e-08 -7.46636e-09 -5.67619e-08 
8 -6.94108e-08 1.7494e-07 -3.95187e-09 7.41882e-10 7.26208e-08 
9 -3.21431e-08 4.93042e-08 -2.79158e-10 1.3631e-11 3.24086e-08 
