# z: 3 h: 0.358 N: 10000000 
# 1:L 2:con_loop 3:error 4:con_loopAA 5:con_loopAB 6: con_loopAC 
2 0.0169563 0.00012642 -0.0177854 0.000788872 4.02379e-05 
3 0.00153589 4.74301e-05 -0.00160294 3.89884e-05 2.80528e-05 
4 0.000138334 1.90023e-05 -0.000131396 3.30399e-06 -1.02428e-05 
5 2.61738e-05 6.60276e-06 -1.01988e-05 -4.35224e-07 -1.55398e-05 
6 3.2171e-07 2.06564e-06 -7.62066e-07 -1.46916e-08 4.55048e-07 
7 -2.77014e-07 6.08384e-07 -5.37233e-08 3.67313e-09 3.27064e-07 
8 -1.9205e-07 1.75649e-07 -3.88658e-09 5.67199e-10 1.95369e-07 
9 -4.57492e-08 4.91367e-08 -2.85715e-10 -8.23331e-11 4.61173e-08 
