# z: 3 h: 0.358 N: 10000000 
# 1:L 2:con_loop 3:error 4:con_loopAA 5:con_loopAB 6: con_loopAC 
2 0.017173 0.000126576 -0.0179186 0.000669136 7.64715e-05 
3 0.00144415 4.7394e-05 -0.00160349 8.32438e-05 7.60941e-05 
4 9.69398e-05 1.90135e-05 -0.000129821 1.6184e-06 3.12625e-05 
5 1.08347e-05 6.58417e-06 -1.0003e-05 3.0825e-08 -8.62534e-07 
6 -8.28328e-07 2.06506e-06 -7.6019e-07 -2.17452e-08 1.61026e-06 
7 1.38359e-07 6.09027e-07 -5.62676e-08 2.30028e-09 -8.43914e-08 
8 3.81036e-07 1.72943e-07 -4.01728e-09 4.05841e-10 -3.77425e-07 
9 -5.76949e-08 4.93048e-08 -2.69568e-10 1.77906e-12 5.79627e-08 
