# z: 3 h: 0.358 N: 10000000 
# 1:L 2:con_loop 3:error 4:con_loopAA 5:con_loopAB 6: con_loopAC 
2 0.0169988 0.000126293 -0.0177858 0.000761177 2.58253e-05 
3 0.00148493 4.73832e-05 -0.00160018 6.78498e-05 4.73982e-05 
4 9.21597e-05 1.89623e-05 -0.000131164 3.44396e-06 3.556e-05 
5 8.23739e-06 6.5642e-06 -1.00752e-05 -5.82857e-07 2.42063e-06 
6 9.35446e-07 2.06079e-06 -7.48095e-07 -7.98675e-08 -1.07483e-07 
7 -1.06728e-06 6.07112e-07 -5.36949e-08 -4.18389e-09 1.12516e-06 
8 2.17437e-07 1.73612e-07 -3.92645e-09 -2.1282e-11 -2.13489e-07 
9 -5.59327e-09 4.91771e-08 -2.75737e-10 5.4961e-11 5.81405e-09 
