# z: 3 h: 0.358 N: 10000000 
# 1:L 2:con_loop 3:error 4:con_loopAA 5:con_loopAB 6: con_loopAC 
2 0.017138 0.000126595 -0.0179181 0.000642151 0.000137903 
3 0.00158843 4.75363e-05 -0.00162295 6.50979e-05 -3.05712e-05 
4 0.000141521 1.90571e-05 -0.000131626 -4.20458e-06 -5.69042e-06 
5 1.95491e-05 6.63833e-06 -1.02354e-05 1.04805e-07 -9.41853e-06 
6 2.52832e-06 2.07269e-06 -7.71635e-07 -1.8539e-08 -1.73814e-06 
7 6.00831e-08 6.13471e-07 -5.56153e-08 -2.98173e-09 -1.48602e-09 
8 -3.00955e-07 1.75942e-07 -3.91598e-09 2.32554e-10 3.04639e-07 
9 6.55684e-08 4.95034e-08 -2.9144e-10 -4.82016e-11 -6.52287e-08 
