# z: 3 h: 0.358 N: 10000000 
# 1:L 2:con_loop 3:error 4:con_loopAA 5:con_loopAB 6: con_loopAC 
2 0.0172349 0.000126847 -0.0180194 0.000687484 9.70325e-05 
3 0.00149211 4.76031e-05 -0.00160503 5.05653e-05 6.2361e-05 
4 9.80136e-05 1.91094e-05 -0.000132435 2.22038e-06 3.2201e-05 
5 1.45987e-05 6.63264e-06 -1.03053e-05 -1.31697e-08 -4.28022e-06 
6 -1.30372e-06 2.07974e-06 -8.04666e-07 -1.01276e-08 2.11851e-06 
7 -1.14211e-08 6.15502e-07 -5.49728e-08 -6.4461e-09 7.284e-08 
8 -1.25924e-07 1.75876e-07 -4.14007e-09 -5.71529e-10 1.30636e-07 
9 -7.44376e-08 4.99771e-08 -2.82416e-10 -1.01617e-10 7.48216e-08 
