# z: 3 h: 0.358 N: 10000000 
# 1:L 2:con_loop 3:error 4:con_loopAA 5:con_loopAB 6: con_loopAC 
2 0.0169767 0.0001263 -0.0177457 0.000690943 7.80716e-05 
3 0.00150591 4.73826e-05 -0.00158782 6.46195e-05 1.72932e-05 
4 0.000111618 1.9001e-05 -0.000133452 5.08845e-06 1.67456e-05 
5 1.52309e-05 6.58425e-06 -1.00931e-05 2.98439e-07 -5.4362e-06 
6 8.42043e-07 2.06184e-06 -7.62322e-07 -1.73723e-09 -7.79831e-08 
7 -1.57497e-07 6.08811e-07 -5.49319e-08 -2.82476e-09 2.15253e-07 
8 -6.92732e-08 1.74695e-07 -3.91935e-09 -9.04368e-11 7.3283e-08 
9 -4.8831e-09 4.92032e-08 -2.8904e-10 -5.75866e-11 5.22972e-09 
