# z: 3 h: 0.358 N: 10000000 
# 1:L 2:con_loop 3:error 4:con_loopAA 5:con_loopAB 6: con_loopAC 
2 0.0169581 0.000126407 -0.0177584 0.000705191 9.50853e-05 
3 0.00147575 4.74344e-05 -0.00161646 5.52316e-05 8.54813e-05 
4 0.000101722 1.90155e-05 -0.000132691 2.9119e-06 2.80577e-05 
5 5.47768e-06 6.56651e-06 -1.01301e-05 4.4271e-07 4.2097e-06 
6 6.80493e-07 2.0592e-06 -7.2999e-07 5.25534e-09 4.42414e-08 
7 -4.23543e-07 6.06829e-07 -5.56356e-08 7.65113e-09 4.71528e-07 
8 -6.64169e-08 1.74582e-07 -4.1175e-09 -1.21562e-10 7.06559e-08 
9 -1.39765e-08 4.91648e-08 -2.61632e-10 2.06093e-11 1.42175e-08 
