# z: 3 h: 0.358 N: 10000000 
# 1:L 2:con_loop 3:error 4:con_loopAA 5:con_loopAB 6: con_loopAC 
2 0.01733 0.00012659 -0.0180174 0.000644223 4.31678e-05 
3 0.00156438 4.75571e-05 -0.00160066 6.95331e-05 -3.32561e-05 
4 0.000106176 1.90349e-05 -0.000129502 5.40574e-06 1.792e-05 
5 5.98872e-06 6.63095e-06 -1.01909e-05 2.44652e-07 3.9575e-06 
6 2.57573e-07 2.07347e-06 -7.50419e-07 3.30266e-08 4.59819e-07 
7 6.61813e-07 6.12611e-07 -5.60302e-08 5.46698e-09 -6.1125e-07 
8 1.43663e-07 1.75836e-07 -3.90744e-09 -9.674e-10 -1.38788e-07 
9 9.27999e-08 4.97006e-08 -2.8117e-10 -2.64431e-11 -9.24923e-08 
