# z: 3 h: 0.358 N: 10000000 
# 1:L 2:con_loop 3:error 4:con_loopAA 5:con_loopAB 6: con_loopAC 
2 0.0169988 0.000126525 -0.0178583 0.000749538 0.000110032 
3 0.00152931 4.75383e-05 -0.0016024 4.12262e-05 3.18603e-05 
4 0.000135303 1.90209e-05 -0.000131875 -5.25115e-06 1.82383e-06 
5 1.16643e-05 6.61795e-06 -1.01165e-05 3.05033e-07 -1.8528e-06 
6 3.62012e-06 2.06082e-06 -7.53381e-07 -4.60392e-08 -2.8207e-06 
7 -1.22877e-06 6.10325e-07 -5.72903e-08 -5.20683e-09 1.29126e-06 
8 -5.12737e-08 1.74704e-07 -4.00636e-09 -2.1029e-10 5.54903e-08 
9 4.65544e-08 4.93542e-08 -2.79768e-10 1.46211e-11 -4.62892e-08 
