# z: 3 h: 0.358 N: 10000000 
# 1:L 2:con_loop 3:error 4:con_loopAA 5:con_loopAB 6: con_loopAC 
2 0.0171504 0.000126483 -0.0179011 0.000693391 5.73249e-05 
3 0.00159854 4.74391e-05 -0.00162269 4.28352e-06 1.98675e-05 
4 0.0001201 1.90041e-05 -0.000131398 4.35449e-06 6.94378e-06 
5 -1.82433e-07 6.61176e-06 -1.02243e-05 -1.23566e-07 1.05303e-05 
6 6.15749e-07 2.06791e-06 -7.80868e-07 1.35868e-08 1.51532e-07 
7 3.33616e-07 6.10389e-07 -5.46413e-08 -7.83289e-10 -2.78192e-07 
8 -5.16887e-07 1.75568e-07 -3.90862e-09 -2.70891e-10 5.21067e-07 
9 3.56941e-08 4.93033e-08 -2.81989e-10 -3.88192e-11 -3.53733e-08 
