# z: 3 h: 0.358 N: 10000000 
# 1:L 2:con_loop 3:error 4:con_loopAA 5:con_loopAB 6: con_loopAC 
2 0.0171597 0.000126639 -0.0179573 0.000704758 9.28724e-05 
3 0.00159219 4.74774e-05 -0.00162134 2.02193e-05 8.93128e-06 
4 0.00012527 1.90064e-05 -0.000131762 8.38099e-07 5.65376e-06 
5 1.42563e-05 6.59927e-06 -1.0336e-05 -2.66659e-07 -3.6537e-06 
6 -2.57044e-06 2.06591e-06 -7.72293e-07 -7.97376e-08 3.42247e-06 
7 -3.417e-07 6.11586e-07 -5.66813e-08 2.00975e-09 3.96371e-07 
8 -4.82393e-09 1.75678e-07 -4.14742e-09 -6.31332e-11 9.03448e-09 
9 -1.02534e-08 4.93586e-08 -2.81444e-10 -4.76638e-11 1.05825e-08 
