# z: 3 h: 0.358 N: 10000000 
# 1:L 2:con_loop 3:error 4:con_loopAA 5:con_loopAB 6: con_loopAC 
2 0.0171187 0.000126441 -0.0179275 0.000718696 9.01338e-05 
3 0.001509 4.74304e-05 -0.00161849 2.57859e-05 8.371e-05 
4 0.00010597 1.90116e-05 -0.000129209 7.77288e-06 1.5466e-05 
5 -9.40499e-06 6.61097e-06 -1.00117e-05 -4.07225e-07 1.98239e-05 
6 -5.29582e-07 2.06582e-06 -7.87979e-07 -5.49223e-08 1.37248e-06 
7 -4.31996e-07 6.09894e-07 -5.39833e-08 -2.23769e-11 4.86002e-07 
8 -1.28404e-07 1.74357e-07 -3.85517e-09 1.34428e-10 1.32125e-07 
9 -9.51285e-08 4.93865e-08 -2.87134e-10 3.49726e-11 9.53806e-08 
