# z: 3 h: 0.358 N: 10000000 
# 1:L 2:con_loop 3:error 4:con_loopAA 5:con_loopAB 6: con_loopAC 
2 0.0171508 0.000126526 -0.0178968 0.000639081 0.000106917 
3 0.00148525 4.74266e-05 -0.00160452 7.85555e-05 4.07088e-05 
4 0.00010187 1.90312e-05 -0.000131981 4.49414e-06 2.56169e-05 
5 8.674e-06 6.59178e-06 -1.01271e-05 6.83513e-08 1.3848e-06 
6 -7.96411e-07 2.07206e-06 -7.66516e-07 -8.71755e-08 1.6501e-06 
7 -3.63306e-08 6.1109e-07 -5.55203e-08 -2.8443e-09 9.46952e-08 
8 2.93007e-08 1.74769e-07 -3.82566e-09 -8.47746e-10 -2.46273e-08 
9 4.63595e-08 4.93077e-08 -2.75332e-10 1.08103e-11 -4.6095e-08 
