# z: 3 h: 0.358 N: 10000000 
# 1:L 2:con_loop 3:error 4:con_loopAA 5:con_loopAB 6: con_loopAC 
2 0.0168498 0.000126586 -0.0177409 0.000820683 7.0416e-05 
3 0.00159782 4.74649e-05 -0.00161129 4.12554e-05 -2.77876e-05 
4 0.000137929 1.90523e-05 -0.000131911 -9.72602e-07 -5.04506e-06 
5 1.33557e-05 6.63072e-06 -1.05003e-05 -4.76986e-07 -2.37839e-06 
6 4.44824e-06 2.07185e-06 -7.95672e-07 -4.19542e-08 -3.61061e-06 
7 -4.82757e-07 6.11339e-07 -5.47597e-08 1.67026e-09 5.35847e-07 
8 -1.35361e-07 1.74907e-07 -4.03422e-09 -4.00436e-10 1.39795e-07 
9 8.97886e-08 4.93711e-08 -2.78764e-10 -2.25556e-11 -8.94872e-08 
