# z: 3 h: 0.358 N: 10000000 
# 1:L 2:con_loop 3:error 4:con_loopAA 5:con_loopAB 6: con_loopAC 
2 0.0170278 0.000126314 -0.0177841 0.000714102 4.21992e-05 
3 0.00152524 4.73587e-05 -0.00157404 6.06493e-05 -1.18447e-05 
4 0.000146151 1.89712e-05 -0.000129307 -1.31879e-06 -1.55257e-05 
5 1.77995e-05 6.5852e-06 -1.01184e-05 5.02285e-07 -8.18342e-06 
6 2.9975e-07 2.0508e-06 -7.27521e-07 -1.00083e-07 5.27855e-07 
7 2.06737e-07 6.07131e-07 -5.28979e-08 -8.09035e-09 -1.45748e-07 
8 -2.35624e-07 1.73119e-07 -4.09056e-09 -2.27528e-10 2.39942e-07 
9 2.25534e-08 4.87014e-08 -2.80143e-10 6.45801e-12 -2.22797e-08 
