# z: 3 h: 0.358 N: 10000000 
# 1:L 2:con_loop 3:error 4:con_loopAA 5:con_loopAB 6: con_loopAC 
2 0.0171359 0.000126501 -0.0178439 0.000593112 0.000114889 
3 0.00151536 4.74969e-05 -0.00159876 4.70501e-05 3.63533e-05 
4 9.694e-05 1.89919e-05 -0.00013397 2.32505e-06 3.47045e-05 
5 1.67698e-05 6.61466e-06 -1.02312e-05 -1.3431e-07 -6.4043e-06 
6 1.11339e-06 2.05819e-06 -7.5527e-07 -1.33278e-07 -2.24844e-07 
7 3.3232e-07 6.08356e-07 -5.59261e-08 1.20763e-08 -2.88471e-07 
8 -8.24128e-08 1.74237e-07 -3.97005e-09 -3.75225e-11 8.64204e-08 
9 3.42926e-09 4.97426e-08 -2.84396e-10 -1.50693e-10 -2.99417e-09 
