# z: 3 h: 0.358 N: 10000000 
# 1:L 2:con_loop 3:error 4:con_loopAA 5:con_loopAB 6: con_loopAC 
2 0.0168215 0.000126367 -0.0176952 0.00074628 0.000127363 
3 0.00150761 4.74381e-05 -0.00160365 4.13866e-05 5.46606e-05 
4 0.000134365 1.90315e-05 -0.000129601 4.79671e-06 -9.56089e-06 
5 7.24483e-06 6.59541e-06 -1.02267e-05 4.6898e-07 2.51292e-06 
6 3.1366e-06 2.05382e-06 -7.541e-07 -4.70087e-08 -2.3355e-06 
7 -8.22902e-07 6.0683e-07 -5.45571e-08 -6.71228e-09 8.84171e-07 
8 -2.91934e-08 1.74715e-07 -3.88341e-09 -1.12701e-09 3.42038e-08 
9 -1.25481e-08 4.89847e-08 -2.78302e-10 4.29837e-11 1.27835e-08 
