# z: 3 h: 0.358 N: 10000000 
# 1:L 2:con_loop 3:error 4:con_loopAA 5:con_loopAB 6: con_loopAC 
2 0.0172835 0.00012671 -0.0180323 0.000662284 8.65575e-05 
3 0.00157997 4.74574e-05 -0.00161275 5.08714e-05 -1.80928e-05 
4 0.000117049 1.90671e-05 -0.000132685 9.21698e-07 1.47147e-05 
5 3.84003e-06 6.62783e-06 -1.02843e-05 2.28579e-07 6.21564e-06 
6 2.10814e-06 2.07208e-06 -7.80069e-07 -5.64377e-08 -1.27164e-06 
7 -1.46747e-06 6.12652e-07 -5.6117e-08 3.67096e-09 1.51991e-06 
8 -1.32262e-07 1.76217e-07 -3.83627e-09 3.29563e-10 1.35769e-07 
9 -3.29023e-08 4.9497e-08 -2.74196e-10 1.52536e-11 3.31612e-08 
