# z: 3 h: 0.358 N: 10000000 
# 1:L 2:con_loop 3:error 4:con_loopAA 5:con_loopAB 6: con_loopAC 
2 0.0169686 0.000126228 -0.0177973 0.000741736 8.70069e-05 
3 0.00153092 4.73838e-05 -0.00159629 3.44627e-05 3.09067e-05 
4 0.00010626 1.89544e-05 -0.000130732 4.103e-06 2.03694e-05 
5 8.79591e-06 6.58013e-06 -1.01782e-05 4.21565e-07 9.60715e-07 
6 -3.10179e-06 2.05064e-06 -7.60418e-07 -5.7524e-08 3.91973e-06 
7 -2.83247e-07 6.05708e-07 -5.28549e-08 -1.07236e-08 3.46825e-07 
8 -1.71274e-07 1.74023e-07 -3.93831e-09 -2.32455e-10 1.75444e-07 
9 -9.7561e-09 4.91053e-08 -2.72756e-10 -3.72271e-11 1.00661e-08 
