# z: 3 h: 0.358 N: 10000000 
# 1:L 2:con_loop 3:error 4:con_loopAA 5:con_loopAB 6: con_loopAC 
2 0.0172685 0.000126857 -0.0180227 0.00069438 5.98349e-05 
3 0.00149469 4.76817e-05 -0.00161816 5.75329e-05 6.59311e-05 
4 0.00011461 1.91228e-05 -0.000135858 -1.22417e-06 2.24721e-05 
5 1.80809e-05 6.67125e-06 -1.0461e-05 -5.49326e-07 -7.07057e-06 
6 -5.53059e-07 2.08211e-06 -7.54906e-07 -1.7299e-08 1.32526e-06 
7 -1.51868e-06 6.15627e-07 -5.87374e-08 3.25252e-09 1.57416e-06 
8 -1.16131e-07 1.77761e-07 -3.98237e-09 6.12547e-10 1.19501e-07 
9 -7.06588e-08 4.99771e-08 -2.89517e-10 4.14913e-11 7.09069e-08 
