# z: 3 h: 0.358 N: 10000000 
# 1:L 2:con_loop 3:error 4:con_loopAA 5:con_loopAB 6: con_loopAC 
2 0.0172139 0.000126506 -0.0179175 0.000639583 6.40816e-05 
3 0.00146828 4.74327e-05 -0.00161355 3.12462e-05 0.00011403 
4 9.84592e-05 1.90203e-05 -0.000130125 3.34148e-06 2.83246e-05 
5 1.25886e-05 6.58787e-06 -1.00323e-05 -4.048e-07 -2.15152e-06 
6 -8.06694e-07 2.06135e-06 -7.71652e-07 -9.69981e-08 1.67534e-06 
7 5.64796e-07 6.10554e-07 -5.58595e-08 -2.76017e-09 -5.06176e-07 
8 -2.07663e-07 1.74961e-07 -4.11231e-09 -5.11388e-10 2.12286e-07 
9 4.53068e-09 4.95398e-08 -2.81673e-10 1.61647e-10 -4.41066e-09 
