# z: 3 h: 0.358 N: 10000000 
# 1:L 2:con_loop 3:error 4:con_loopAA 5:con_loopAB 6: con_loopAC 
2 0.0170913 0.000126508 -0.0178953 0.000730032 7.39726e-05 
3 0.00155458 4.74435e-05 -0.00162724 3.40711e-05 3.85894e-05 
4 0.00013485 1.90281e-05 -0.000130497 7.35246e-06 -1.17047e-05 
5 1.34865e-05 6.60808e-06 -1.00563e-05 -5.05161e-07 -2.92509e-06 
6 -4.30874e-07 2.06263e-06 -7.68023e-07 6.67184e-09 1.19222e-06 
7 -2.38053e-07 6.08545e-07 -5.65252e-08 3.19736e-10 2.94258e-07 
8 -1.3817e-07 1.74351e-07 -3.84719e-09 -9.13067e-10 1.4293e-07 
9 2.66306e-08 4.93883e-08 -2.75683e-10 3.36301e-12 -2.63583e-08 
