# z: 3 h: 0.358 N: 10000000 
# 1:L 2:con_loop 3:error 4:con_loopAA 5:con_loopAB 6: con_loopAC 
2 0.0169479 0.000126273 -0.0177472 0.000639893 0.000159457 
3 0.00147457 4.73161e-05 -0.00157319 5.27841e-05 4.58422e-05 
4 0.000121959 1.89334e-05 -0.000129591 1.62224e-07 7.46906e-06 
5 1.33835e-06 6.58161e-06 -1.00185e-05 -1.83829e-07 8.86396e-06 
6 5.25407e-07 2.04283e-06 -7.42994e-07 7.7545e-08 1.40043e-07 
7 -2.5373e-07 6.02954e-07 -5.31691e-08 -7.35748e-09 3.14256e-07 
8 -3.91797e-08 1.72473e-07 -3.82849e-09 -1.49526e-10 4.31577e-08 
9 -2.08617e-08 4.90047e-08 -2.72596e-10 1.75527e-11 2.11167e-08 
