# z: 3 h: 0.358 N: 10000000 
# 1:L 2:con_loop 3:error 4:con_loopAA 5:con_loopAB 6: con_loopAC 
2 0.0169405 0.00012637 -0.0177009 0.000697479 6.2988e-05 
3 0.00158206 4.74047e-05 -0.00159058 1.40032e-05 -5.48799e-06 
4 8.73868e-05 1.90269e-05 -0.000131523 6.93008e-06 3.72065e-05 
5 1.13882e-05 6.6028e-06 -1.01247e-05 -2.09326e-07 -1.05423e-06 
6 2.23569e-06 2.06059e-06 -7.34812e-07 -5.59483e-08 -1.44493e-06 
7 9.75755e-07 6.11779e-07 -5.45952e-08 -5.81498e-09 -9.15345e-07 
8 -1.87788e-07 1.74835e-07 -3.99717e-09 -4.29176e-10 1.92214e-07 
9 2.80183e-08 4.9132e-08 -2.72416e-10 2.78834e-11 -2.77738e-08 
