# z: 3 h: 0.358 N: 10000000 
# 1:L 2:con_loop 3:error 4:con_loopAA 5:con_loopAB 6: con_loopAC 
2 0.0171144 0.000126606 -0.0178103 0.000675793 2.00588e-05 
3 0.00155934 4.75175e-05 -0.00163031 3.33697e-05 3.76004e-05 
4 0.000114142 1.9067e-05 -0.000132298 6.30831e-06 1.18472e-05 
5 1.15617e-05 6.63065e-06 -1.01545e-05 -1.54961e-08 -1.39168e-06 
6 1.18344e-06 2.07128e-06 -7.70427e-07 -2.3948e-08 -3.89068e-07 
7 -2.45696e-07 6.11606e-07 -5.59616e-08 8.67831e-09 2.9298e-07 
8 -5.3631e-08 1.76167e-07 -3.9889e-09 -5.49179e-10 5.81691e-08 
9 -6.04679e-09 4.97909e-08 -2.83294e-10 4.66359e-11 6.28345e-09 
