# z: 3 h: 0.358 N: 10000000 
# 1:L 2:con_loop 3:error 4:con_loopAA 5:con_loopAB 6: con_loopAC 
2 0.0174133 0.000126737 -0.0180622 0.000596359 5.25858e-05 
3 0.00156665 4.75008e-05 -0.00163973 5.96577e-05 1.34241e-05 
4 0.00011746 1.90438e-05 -0.000133005 -1.107e-06 1.66513e-05 
5 -8.98178e-06 6.64204e-06 -1.03769e-05 -4.30751e-08 1.94017e-05 
6 2.16184e-06 2.07217e-06 -7.89898e-07 -7.20152e-08 -1.29992e-06 
7 -4.54538e-07 6.13418e-07 -5.60582e-08 -4.58752e-09 5.15183e-07 
8 2.31787e-09 1.75945e-07 -4.2021e-09 -6.08447e-10 2.49267e-09 
9 5.04852e-09 4.99907e-08 -2.99266e-10 -6.6554e-11 -4.6827e-09 
