# z: 3 h: 0.358 N: 10000000 
# 1:L 2:con_loop 3:error 4:con_loopAA 5:con_loopAB 6: con_loopAC 
2 0.0169493 0.000126268 -0.017669 0.000687927 3.17388e-05 
3 0.00153068 4.73831e-05 -0.00159786 5.99124e-05 7.27016e-06 
4 0.000137762 1.90138e-05 -0.000131638 2.23675e-06 -8.36124e-06 
5 1.32835e-05 6.57907e-06 -1.02995e-05 3.07071e-08 -3.0147e-06 
6 9.5642e-07 2.05792e-06 -7.52342e-07 3.46339e-09 -2.07541e-07 
7 6.26915e-07 6.08786e-07 -5.61688e-08 -4.24774e-10 -5.70321e-07 
8 -2.85237e-08 1.74669e-07 -3.92791e-09 -1.30619e-09 3.37578e-08 
9 3.75207e-08 4.86884e-08 -2.67419e-10 -3.41081e-11 -3.72191e-08 
