# z: 3 h: 0.358 N: 10000000 
# 1:L 2:con_loop 3:error 4:con_loopAA 5:con_loopAB 6: con_loopAC 
2 0.0172506 0.000126389 -0.0179613 0.000628973 8.17059e-05 
3 0.00145661 4.7406e-05 -0.00158112 5.79771e-05 6.65341e-05 
4 0.000138724 1.90048e-05 -0.000129514 4.38146e-06 -1.35918e-05 
5 4.8508e-06 6.62172e-06 -1.03613e-05 2.37623e-08 5.4867e-06 
6 -8.65721e-08 2.07624e-06 -7.77202e-07 5.80701e-08 8.05704e-07 
7 6.71704e-07 6.10656e-07 -5.61231e-08 -5.19051e-09 -6.10391e-07 
8 1.19491e-07 1.74921e-07 -3.91272e-09 -8.9581e-10 -1.14683e-07 
9 -3.2351e-08 4.95187e-08 -2.81119e-10 -1.02586e-10 3.27347e-08 
