# z: 3 h: 0.358 N: 10000000 
# 1:L 2:con_loop 3:error 4:con_loopAA 5:con_loopAB 6: con_loopAC 
2 0.0168914 0.000126478 -0.0177203 0.000718011 0.000110882 
3 0.00149387 4.74903e-05 -0.00161541 4.97142e-05 7.18275e-05 
4 0.000133622 1.89992e-05 -0.000131399 -3.98543e-06 1.76258e-06 
5 7.15842e-06 6.58913e-06 -1.01002e-05 -1.69165e-07 3.11092e-06 
6 6.90649e-07 2.06043e-06 -7.74238e-07 4.22712e-08 4.13183e-08 
7 1.07176e-07 6.10062e-07 -5.57423e-08 -6.12949e-10 -5.0821e-08 
8 -3.28077e-08 1.7501e-07 -3.85776e-09 -1.05169e-09 3.77171e-08 
9 4.65898e-08 4.96233e-08 -2.80055e-10 2.51148e-11 -4.63349e-08 
