# z: 3 h: 0.358 N: 10000000 
# 1:L 2:con_loop 3:error 4:con_loopAA 5:con_loopAB 6: con_loopAC 
2 0.0171149 0.000126429 -0.0179238 0.000706515 0.000102352 
3 0.00145176 4.75111e-05 -0.00160689 6.57182e-05 8.94142e-05 
4 0.000125517 1.90277e-05 -0.000131835 9.62097e-07 5.35586e-06 
5 4.27155e-06 6.60957e-06 -9.94323e-06 -7.06012e-07 6.37769e-06 
6 -3.67719e-07 2.06455e-06 -7.56956e-07 -3.8907e-08 1.16358e-06 
7 -7.07991e-08 6.07128e-07 -5.4703e-08 8.8688e-09 1.16633e-07 
8 -3.08813e-07 1.76129e-07 -3.94979e-09 1.55236e-10 3.12607e-07 
9 5.19837e-09 4.91426e-08 -2.62668e-10 -3.53765e-12 -4.93216e-09 
