# z: 3 h: 0.358 N: 10000000 
# 1:L 2:con_loop 3:error 4:con_loopAA 5:con_loopAB 6: con_loopAC 
2 0.0172517 0.00012655 -0.0179991 0.000689615 5.78376e-05 
3 0.00154802 4.74002e-05 -0.00159942 5.07593e-05 6.37294e-07 
4 0.000143622 1.90338e-05 -0.000131161 -2.35833e-06 -1.01029e-05 
5 3.07999e-06 6.62782e-06 -1.03129e-05 -1.7369e-07 7.40656e-06 
6 -9.20094e-08 2.07308e-06 -7.61094e-07 -2.39356e-08 8.77039e-07 
7 -7.30128e-07 6.13707e-07 -5.60861e-08 -1.11057e-08 7.97319e-07 
8 1.66663e-07 1.762e-07 -4.0119e-09 -8.88604e-10 -1.61763e-07 
9 3.1973e-08 4.9554e-08 -2.78978e-10 -8.25859e-11 -3.16115e-08 
