# z: 3 h: 0.358 N: 10000000 
# 1:L 2:con_loop 3:error 4:con_loopAA 5:con_loopAB 6: con_loopAC 
2 0.0171115 0.000126533 -0.017862 0.00070483 4.57308e-05 
3 0.00151792 4.74593e-05 -0.0016031 6.6573e-05 1.86064e-05 
4 0.000115967 1.89841e-05 -0.000131069 -1.9214e-06 1.70237e-05 
5 1.3605e-05 6.61429e-06 -1.03421e-05 -2.53167e-07 -3.00976e-06 
6 4.10283e-07 2.06099e-06 -7.53362e-07 -1.03076e-07 4.46155e-07 
7 -4.62341e-08 6.09807e-07 -5.60053e-08 -8.22301e-09 1.10462e-07 
8 4.42949e-08 1.7578e-07 -3.92826e-09 1.02816e-10 -4.04694e-08 
9 -8.89816e-08 4.92864e-08 -2.80196e-10 5.85559e-12 8.9256e-08 
