# z: 3 h: 0.358 N: 10000000 
# 1:L 2:con_loop 3:error 4:con_loopAA 5:con_loopAB 6: con_loopAC 
2 0.0171137 0.000126376 -0.0179254 0.000759727 5.19054e-05 
3 0.00154614 4.74122e-05 -0.00158019 4.77714e-05 -1.37272e-05 
4 0.000125172 1.90102e-05 -0.000130557 2.01678e-06 3.36849e-06 
5 1.98192e-05 6.61707e-06 -1.02572e-05 -3.39512e-07 -9.22248e-06 
6 3.43467e-06 2.06069e-06 -7.66657e-07 -1.5104e-08 -2.6529e-06 
7 1.23649e-08 6.13119e-07 -5.39652e-08 -2.35585e-09 4.39561e-08 
8 1.853e-07 1.74758e-07 -3.82573e-09 -7.7821e-10 -1.80696e-07 
9 9.23382e-08 4.88534e-08 -2.68073e-10 4.9967e-11 -9.21201e-08 
