# z: 3 h: 0.358 N: 10000000 
# 1:L 2:con_loop 3:error 4:con_loopAA 5:con_loopAB 6: con_loopAC 
2 0.0171578 0.000126602 -0.0178408 0.000687022 -3.99898e-06 
3 0.00158552 4.75419e-05 -0.00161273 3.51269e-05 -7.91793e-06 
4 0.000130577 1.90709e-05 -0.000132891 -2.91703e-06 5.23068e-06 
5 1.72134e-05 6.63259e-06 -1.00522e-05 -6.94928e-07 -6.46619e-06 
6 1.46294e-06 2.07218e-06 -7.73088e-07 -8.82344e-08 -6.01617e-07 
7 -4.40788e-07 6.12748e-07 -5.52468e-08 -4.97013e-09 5.01004e-07 
8 -1.11854e-07 1.75711e-07 -4.1129e-09 2.8953e-10 1.15677e-07 
9 -6.02851e-08 4.95735e-08 -2.89275e-10 -6.30265e-11 6.06374e-08 
