# z: 3 h: 0.358 N: 10000000 
# 1:L 2:con_loop 3:error 4:con_loopAA 5:con_loopAB 6: con_loopAC 
2 0.0172722 0.000126702 -0.017989 0.000665658 5.10604e-05 
3 0.00155918 4.75004e-05 -0.00163542 2.83053e-05 4.79329e-05 
4 0.000104417 1.90546e-05 -0.000133659 -1.89012e-06 3.1132e-05 
5 1.84394e-05 6.62561e-06 -1.03725e-05 4.49927e-07 -8.51688e-06 
6 1.14164e-06 2.07136e-06 -7.77638e-07 -4.32022e-08 -3.208e-07 
7 3.05465e-07 6.15525e-07 -5.61686e-08 -3.5502e-09 -2.45747e-07 
8 -1.03504e-07 1.75524e-07 -4.00842e-09 2.15966e-10 1.07296e-07 
9 9.07164e-08 4.94798e-08 -2.9518e-10 -3.15936e-11 -9.03897e-08 
