# z: 3 h: 0.358 N: 10000000 
# 1:L 2:con_loop 3:error 4:con_loopAA 5:con_loopAB 6: con_loopAC 7:con_linea 8:error 
2 0.0565397 0.000234782 -0.058783 0.00224331 0 0.250885 0.000122213 
3 0.00988088 8.72487e-05 -0.0103996 0.000367516 0.000151199 0.125615 7.83825e-05 
4 0.00162077 3.13813e-05 -0.00170447 1.70574e-05 6.66422e-05 0.0629062 4.64337e-05 
5 0.000255768 1.125e-05 -0.000266844 3.72031e-06 7.35601e-06 0.0315099 2.63792e-05 
6 3.77877e-05 3.99627e-06 -3.96807e-05 -1.61803e-06 3.51099e-06 0.0157729 1.46041e-05 
7 5.63769e-06 1.34914e-06 -5.62305e-06 1.17823e-08 -2.64235e-08 0.00789726 7.94926e-06 
8 1.46262e-06 4.29483e-07 -8.00975e-07 -9.32508e-10 -6.60715e-07 0.00394707 4.27164e-06 
9 1.59581e-07 1.30618e-07 -1.14129e-07 -7.61038e-09 -3.7842e-08 0.00197414 2.27575e-06 
