# z: 3 h: 0.358 N: 10000000 
# 1:L 2:con_loop 3:error 4:con_loopAA 5:con_loopAB 6: con_loopAC 7:con_linea 8:error 
2 0.0566586 0.000234855 -0.0588957 0.00223702 0 0.250954 0.000122226 
3 0.00989462 8.73417e-05 -0.0104516 0.000395357 0.000161589 0.125676 7.84026e-05 
4 0.00160335 3.14108e-05 -0.00169966 3.8892e-05 5.74102e-05 0.0629267 4.6458e-05 
5 0.000243749 1.12778e-05 -0.000261881 6.02769e-06 1.21038e-05 0.0315709 2.64112e-05 
6 3.79774e-05 4.00207e-06 -3.96068e-05 1.77347e-07 1.45208e-06 0.015802 1.46242e-05 
7 6.1487e-06 1.35301e-06 -5.69741e-06 -2.41815e-07 -2.09472e-07 0.00790431 7.95814e-06 
8 8.34973e-07 4.31669e-07 -8.043e-07 -4.62321e-08 1.55594e-08 0.0039608 4.28153e-06 
9 8.55869e-08 1.30732e-07 -1.11012e-07 -2.66435e-09 2.80894e-08 0.00198068 2.28114e-06 
