# z: 3 h: 0.358 N: 10000000 
# 1:L 2:con_loop 3:error 4:con_loopAA 5:con_loopAB 6: con_loopAC 7:con_linea 8:error 
2 0.0563666 0.000234721 -0.0585037 0.0021371 0 0.250964 0.000122217 
3 0.00983719 8.72979e-05 -0.0104082 0.000409263 0.000161763 0.125715 7.84123e-05 
4 0.00161316 3.13515e-05 -0.0017027 1.06129e-05 7.89275e-05 0.0628849 4.64262e-05 
5 0.000252363 1.12611e-05 -0.000260132 -1.64832e-06 9.4173e-06 0.0315558 2.63946e-05 
6 4.04286e-05 3.98938e-06 -3.97159e-05 -2.95136e-06 2.23866e-06 0.0157691 1.46003e-05 
7 5.50317e-06 1.35157e-06 -5.62324e-06 -1.66783e-08 1.36748e-07 0.00790118 7.9506e-06 
8 4.91774e-07 4.30794e-07 -8.24618e-07 -8.4453e-08 4.17297e-07 0.00394733 4.27107e-06 
9 6.16722e-08 1.30677e-07 -1.15872e-07 -8.3523e-09 6.25521e-08 0.00197565 2.27655e-06 
