# z: 3 h: 0.358 N: 10000000 
# 1:L 2:con_loop 3:error 4:con_loopAA 5:con_loopAB 6: con_loopAC 7:con_linea 8:error 
2 0.0563733 0.000234285 -0.0585584 0.00218512 0 0.250685 0.000122142 
3 0.00978487 8.71245e-05 -0.0103007 0.000346263 0.00016954 0.125383 7.82936e-05 
4 0.00161499 3.12876e-05 -0.00170787 2.32853e-05 6.95957e-05 0.0627376 4.63491e-05 
5 0.00023568 1.12376e-05 -0.000258732 3.18298e-06 1.98688e-05 0.031397 2.63098e-05 
6 3.62611e-05 3.97578e-06 -3.94052e-05 -3.09574e-07 3.45363e-06 0.015712 1.45604e-05 
7 4.43385e-06 1.34597e-06 -5.72048e-06 1.20703e-08 1.27456e-06 0.00786546 7.92164e-06 
8 9.52126e-07 4.2891e-07 -7.99103e-07 -4.80782e-08 -1.04945e-07 0.00393096 4.25638e-06 
9 9.1147e-08 1.3028e-07 -1.11384e-07 3.26056e-09 1.69761e-08 0.00196712 2.26781e-06 
