# z: 3 h: 0.358 N: 10000000 
# 1:L 2:con_loop 3:error 4:con_loopAA 5:con_loopAB 6: con_loopAC 7:con_linea 8:error 
2 0.0568475 0.000234868 -0.0589982 0.00215069 0 0.250793 0.00012217 
3 0.00984687 8.71972e-05 -0.0104217 0.000411887 0.000162913 0.125467 7.83253e-05 
4 0.00157986 3.13559e-05 -0.00169248 3.82917e-05 7.43261e-05 0.0628095 4.63864e-05 
5 0.000249687 1.1225e-05 -0.000260181 -4.41003e-06 1.4904e-05 0.0313809 2.63118e-05 
6 3.69032e-05 3.98468e-06 -3.90438e-05 9.59761e-07 1.18092e-06 0.0156979 1.45617e-05 
7 6.22089e-06 1.34762e-06 -5.74762e-06 -3.5517e-07 -1.18102e-07 0.00786085 7.92732e-06 
8 6.76019e-07 4.30006e-07 -8.28617e-07 -2.61403e-08 1.78739e-07 0.00393342 4.26173e-06 
9 1.77955e-07 1.30434e-07 -1.13573e-07 -4.23719e-09 -6.01451e-08 0.00196868 2.27104e-06 
