# z: 3 h: 0.358 N: 10000000 
# 1:L 2:con_loop 3:error 4:con_loopAA 5:con_loopAB 6: con_loopAC 7:con_linea 8:error 
2 0.056611 0.000234803 -0.0587502 0.00213913 0 0.250901 0.000122197 
3 0.00983545 8.72536e-05 -0.0103507 0.000346364 0.000168926 0.125596 7.83662e-05 
4 0.00161943 3.14156e-05 -0.0016975 2.0217e-05 5.78537e-05 0.0629589 4.64469e-05 
5 0.000240892 1.12702e-05 -0.000263587 2.13975e-06 2.05545e-05 0.0315174 2.63754e-05 
6 3.72776e-05 3.99823e-06 -3.95692e-05 -1.38145e-06 3.67303e-06 0.0157509 1.45927e-05 
7 4.81265e-06 1.35108e-06 -5.63038e-06 -5.04006e-07 1.32173e-06 0.00788873 7.94424e-06 
8 1.35316e-06 4.31607e-07 -8.16894e-07 -1.00985e-07 -4.35281e-07 0.00394492 4.2706e-06 
9 2.307e-07 1.30243e-07 -1.12865e-07 1.10069e-09 -1.18935e-07 0.00197549 2.27676e-06 
