# z: 3 h: 0.358 N: 10000000 
# 1:L 2:con_loop 3:error 4:con_loopAA 5:con_loopAB 6: con_loopAC 7:con_linea 8:error 
2 0.056544 0.000234294 -0.0587136 0.00216955 0 0.250402 0.000122093 
3 0.00981714 8.69508e-05 -0.0103395 0.000361149 0.00016123 0.125215 7.82371e-05 
4 0.0016105 3.12688e-05 -0.00169387 2.42618e-05 5.91141e-05 0.0626847 4.63179e-05 
5 0.000250433 1.11911e-05 -0.000258683 -5.70508e-06 1.3955e-05 0.0313558 2.62815e-05 
6 3.76952e-05 3.96979e-06 -3.72034e-05 -2.14944e-07 -2.76888e-07 0.0156894 1.45426e-05 
7 5.0806e-06 1.34256e-06 -5.71965e-06 -3.24079e-07 9.63134e-07 0.00783875 7.90594e-06 
8 1.1447e-06 4.2761e-07 -7.99177e-07 -5.66568e-08 -2.88866e-07 0.00392064 4.24874e-06 
9 1.13461e-07 1.29028e-07 -1.13916e-07 -2.33787e-08 2.38336e-08 0.0019619 2.26308e-06 
