# z: 3 h: 0.358 N: 10000000 
# 1:L 2:con_loop 3:error 4:con_loopAA 5:con_loopAB 6: con_loopAC 7:con_linea 8:error 
2 0.056435 0.000234445 -0.0586405 0.0022055 0 0.250703 0.000122175 
3 0.00965896 8.71045e-05 -0.0101872 0.000364165 0.00016403 0.125404 7.83141e-05 
4 0.00158059 3.12969e-05 -0.00168982 3.58148e-05 7.34147e-05 0.0627936 4.63793e-05 
5 0.000256149 1.12164e-05 -0.000262854 -9.68605e-07 7.67282e-06 0.0313994 2.63157e-05 
6 3.96788e-05 3.98027e-06 -3.91239e-05 -2.36533e-06 1.81042e-06 0.0156877 1.45552e-05 
7 5.34513e-06 1.34634e-06 -5.75937e-06 6.34086e-08 3.50837e-07 0.0078657 7.92721e-06 
8 5.06484e-07 4.28187e-07 -8.19905e-07 -2.99361e-08 3.43358e-07 0.00393863 4.26224e-06 
9 1.90101e-07 1.29744e-07 -1.13128e-07 -7.88997e-09 -6.90826e-08 0.00196903 2.27038e-06 
