# z: 3 h: 0.358 N: 10000000 
# 1:L 2:con_loop 3:error 4:con_loopAA 5:con_loopAB 6: con_loopAC 7:con_linea 8:error 
2 0.0567214 0.000234855 -0.0588873 0.00216591 0 0.250764 0.000122199 
3 0.00993652 8.73147e-05 -0.0105362 0.00044114 0.000158531 0.12546 7.83448e-05 
4 0.00163182 3.14241e-05 -0.00171791 2.00532e-05 6.60292e-05 0.0629182 4.64459e-05 
5 0.000245684 1.12669e-05 -0.000258381 -4.84251e-06 1.75394e-05 0.0314959 2.63798e-05 
6 4.04611e-05 3.99693e-06 -4.07516e-05 -2.9894e-07 5.89411e-07 0.0157736 1.46098e-05 
7 6.33972e-06 1.35277e-06 -5.70452e-06 1.38523e-07 -7.73723e-07 0.00790292 7.95717e-06 
8 6.77603e-07 4.30952e-07 -7.82318e-07 -8.69288e-08 1.91644e-07 0.00396023 4.2816e-06 
9 1.49038e-07 1.3088e-07 -1.13134e-07 -1.03346e-08 -2.55701e-08 0.00197937 2.28057e-06 
