# z: 3 h: 0.358 N: 10000000 
# 1:L 2:con_loop 3:error 4:con_loopAA 5:con_loopAB 6: con_loopAC 7:con_linea 8:error 
2 0.0563708 0.000234805 -0.0585672 0.00219645 0 0.251163 0.000122263 
3 0.0098716 8.72882e-05 -0.0103778 0.00034298 0.000163203 0.125714 7.84146e-05 
4 0.00161109 3.14319e-05 -0.00168263 1.58343e-05 5.57136e-05 0.0629459 4.64481e-05 
5 0.000251423 1.12803e-05 -0.0002652 2.54467e-06 1.12321e-05 0.0315194 2.63839e-05 
6 3.52716e-05 3.99916e-06 -3.99727e-05 -3.09045e-07 5.01019e-06 0.0157775 1.46071e-05 
7 6.44714e-06 1.35221e-06 -5.81581e-06 -1.49491e-08 -6.16382e-07 0.00789043 7.94712e-06 
8 4.05086e-07 4.31318e-07 -8.07888e-07 -4.73441e-08 4.50147e-07 0.00395449 4.27664e-06 
9 1.03183e-07 1.30926e-07 -1.17444e-07 -8.60179e-09 2.28626e-08 0.00197945 2.27964e-06 
