# z: 3 h: 0.358 N: 10000000 
# 1:L 2:con_loop 3:error 4:con_loopAA 5:con_loopAB 6: con_loopAC 7:con_linea 8:error 
2 0.0565118 0.000234281 -0.0586901 0.00217831 0 0.250176 0.000122072 
3 0.00975497 8.69548e-05 -0.0102977 0.000370146 0.000172593 0.125285 7.82407e-05 
4 0.00158281 3.11951e-05 -0.00168442 3.25733e-05 6.90419e-05 0.062636 4.62954e-05 
5 0.000237119 1.11819e-05 -0.000259783 4.48399e-06 1.81794e-05 0.031299 2.62571e-05 
6 3.69188e-05 3.96574e-06 -3.85363e-05 -2.86883e-07 1.9044e-06 0.015684 1.4535e-05 
7 4.74169e-06 1.3346e-06 -5.56097e-06 3.66119e-08 7.82672e-07 0.00783405 7.90148e-06 
8 6.47705e-07 4.2526e-07 -7.77729e-07 -3.56302e-08 1.65653e-07 0.00392007 4.24646e-06 
9 7.76239e-08 1.29062e-07 -1.08564e-07 8.01246e-10 3.01394e-08 0.0019545 2.25817e-06 
