# z: 3 h: 0.358 N: 10000000 
# 1:L 2:con_loop 3:error 4:con_loopAA 5:con_loopAB 6: con_loopAC 7:con_linea 8:error 
2 0.0560195 0.000234092 -0.0582553 0.00223576 0 0.250528 0.000122111 
3 0.00971646 8.70034e-05 -0.0103303 0.00043796 0.000175839 0.125204 7.82293e-05 
4 0.00160716 3.12197e-05 -0.00168229 2.27312e-05 5.23959e-05 0.0625875 4.62906e-05 
5 0.000250142 1.12043e-05 -0.000261227 -5.45219e-06 1.65374e-05 0.0313265 2.62759e-05 
6 3.93462e-05 3.97409e-06 -3.92663e-05 -2.40545e-06 2.32551e-06 0.0156997 1.45515e-05 
7 6.58951e-06 1.33862e-06 -5.64781e-06 -4.48058e-07 -4.93643e-07 0.00785616 7.91597e-06 
8 8.11221e-07 4.27491e-07 -7.77927e-07 -4.35948e-08 1.03014e-08 0.00392636 4.25278e-06 
9 9.04684e-08 1.29478e-07 -1.11523e-07 -3.07309e-09 2.41282e-08 0.00196317 2.26462e-06 
