# z: 3 h: 0.358 N: 10000000 
# 1:L 2:con_loop 3:error 4:con_loopAA 5:con_loopAB 6: con_loopAC 7:con_linea 8:error 
2 0.0565361 0.0002345 -0.0586969 0.00216088 0 0.250729 0.000122172 
3 0.00983275 8.71155e-05 -0.0103625 0.000370957 0.000158802 0.125359 7.83052e-05 
4 0.00161867 3.13381e-05 -0.00171321 4.24608e-05 5.20845e-05 0.062778 4.63857e-05 
5 0.000253954 1.12469e-05 -0.00026832 -3.05311e-06 1.74192e-05 0.0313809 2.63179e-05 
6 3.66386e-05 3.9874e-06 -3.99264e-05 -4.9892e-07 3.78677e-06 0.0157035 1.45642e-05 
7 6.67505e-06 1.3466e-06 -5.51333e-06 -5.93286e-07 -5.68435e-07 0.00785535 7.92268e-06 
8 1.12518e-06 4.29865e-07 -7.91208e-07 -7.1489e-08 -2.62479e-07 0.0039294 4.25882e-06 
9 8.9148e-08 1.30432e-07 -1.11153e-07 2.43261e-09 1.95726e-08 0.00197252 2.27231e-06 
