# z: 3 h: 0.358 N: 10000000 
# 1:L 2:con_loop 3:error 4:con_loopAA 5:con_loopAB 6: con_loopAC 7:con_linea 8:error 
2 0.0567407 0.000234339 -0.0588829 0.00214222 0 0.250572 0.000122144 
3 0.00986497 8.71872e-05 -0.0103725 0.000342032 0.000165528 0.125433 7.83114e-05 
4 0.00163153 3.1332e-05 -0.00169524 9.36436e-06 5.43449e-05 0.0627447 4.63548e-05 
5 0.000256215 1.12228e-05 -0.000261268 -3.27317e-06 8.32642e-06 0.0313726 2.63061e-05 
6 3.59336e-05 3.98142e-06 -3.95002e-05 -1.62049e-06 5.18707e-06 0.0157253 1.45693e-05 
7 5.8578e-06 1.34782e-06 -5.69283e-06 -1.62644e-07 -2.33313e-09 0.00787164 7.92857e-06 
8 8.4052e-07 4.29913e-07 -7.96213e-07 -9.15389e-08 4.72316e-08 0.00393287 4.25915e-06 
9 2.24127e-07 1.30042e-07 -1.13161e-07 -1.49663e-08 -9.59991e-08 0.00196862 2.26968e-06 
