# z: 3 h: 0.358 N: 10000000 
# 1:L 2:con_loop 3:error 4:con_loopAA 5:con_loopAB 6: con_loopAC 7:con_linea 8:error 
2 0.0564962 0.000234682 -0.0586382 0.00214197 0 0.250768 0.000122181 
3 0.00984778 8.72035e-05 -0.0104322 0.000423718 0.000160744 0.125529 7.83649e-05 
4 0.00162554 3.13848e-05 -0.00172202 3.43979e-05 6.20883e-05 0.0628477 4.64151e-05 
5 0.000257872 1.12469e-05 -0.000261005 -4.13236e-06 7.26506e-06 0.0314825 2.63628e-05 
6 3.53676e-05 3.99285e-06 -3.84541e-05 -2.28523e-07 3.31504e-06 0.0157195 1.45785e-05 
7 5.6089e-06 1.34794e-06 -5.68296e-06 -4.41933e-07 5.15989e-07 0.00787743 7.93781e-06 
8 7.03045e-07 4.29152e-07 -7.8807e-07 -8.99295e-08 1.74954e-07 0.00394019 4.26672e-06 
9 7.78251e-08 1.30698e-07 -1.15635e-07 -9.64406e-09 4.74538e-08 0.0019748 2.27488e-06 
