# z: 3 h: 0.358 N: 10000000 
# 1:L 2:con_loop 3:error 4:con_loopAA 5:con_loopAB 6: con_loopAC 7:con_linea 8:error 
2 0.056623 0.000234923 -0.0588442 0.00222126 0 0.251192 0.000122254 
3 0.0100028 8.74045e-05 -0.010599 0.000423568 0.000172688 0.125651 7.84094e-05 
4 0.00166143 3.13997e-05 -0.00172639 1.8082e-05 4.68772e-05 0.0629431 4.64636e-05 
5 0.000246266 1.12818e-05 -0.000265037 -1.34601e-06 2.01167e-05 0.0315208 2.63905e-05 
6 3.9683e-05 4.00121e-06 -3.93765e-05 -1.68512e-06 1.37865e-06 0.0157787 1.46104e-05 
7 6.47503e-06 1.35342e-06 -5.73177e-06 -3.92436e-07 -3.50821e-07 0.00789928 7.95379e-06 
8 3.88778e-07 4.32254e-07 -8.21035e-07 -2.02926e-08 4.52549e-07 0.00395385 4.27807e-06 
9 9.1987e-08 1.31244e-07 -1.1459e-07 -9.72694e-09 3.23303e-08 0.00197867 2.28027e-06 
