# z: 3 h: 0.358 N: 10000000 
# 1:L 2:con_loop 3:error 4:con_loopAA 5:con_loopAB 6: con_loopAC 7:con_linea 8:error 
2 0.0564311 0.000234698 -0.0586495 0.00221836 0 0.25079 0.000122182 
3 0.00971092 8.71541e-05 -0.0103126 0.00043605 0.000165587 0.125448 7.83174e-05 
4 0.00162908 3.135e-05 -0.0017133 2.40967e-05 6.01209e-05 0.0627491 4.63619e-05 
5 0.00025492 1.12471e-05 -0.000265564 -2.27119e-06 1.29154e-05 0.0313948 2.63204e-05 
6 4.13559e-05 3.99054e-06 -3.89151e-05 -4.48565e-07 -1.99225e-06 0.0157299 1.45738e-05 
7 6.40681e-06 1.34637e-06 -5.79724e-06 -3.54735e-07 -2.54843e-07 0.00785514 7.92279e-06 
8 4.63192e-07 4.29094e-07 -8.11901e-07 -6.78529e-08 4.16562e-07 0.00393762 4.26315e-06 
9 3.53688e-08 1.29754e-07 -1.12349e-07 -2.63747e-08 1.03355e-07 0.00196848 2.27018e-06 
